    grad_data__abs_energy_0_y  grad_data__absolute_maximum_0_y  grad_data__absolute_sum_of_changes_0_y  grad_data__agg_autocorrelation_0_y  grad_data__agg_autocorrelation_1_y  ...  grad_data__variance_0_z  grad_data__variance_larger_than_standard_deviation_0_z  grad_data__variation_coefficient_0_z  is_dominant  patient
0                   12.786268                         0.372921                                0.779366                            0.148994                            0.052438  ...                 0.010936                                           0.000000                                  -0.010592            1       26
1                   19.765213                         0.474312                                1.046980                            0.169237                            0.041615  ...                 0.031902                                           0.000000                                  -0.021992            1       27
2                    0.486230                         0.075554                                0.154188                            0.275319                            0.272549  ...                 0.000146                                           0.000000                                  -0.034167            1       29
3                   18.387541                         0.473320                                1.049092                            0.163764                            0.063067  ...                 0.040431                                           0.000000                                  -0.009340            1       28

4                   52.347717                         0.840909                                1.785752                            0.081231                           -0.018038  ...                 0.029924                                           0.000000                                  -0.011468            1       57
5                   15.076241                         0.455249                                0.960290                            0.041943                           -0.138531  ...                 0.007589                                           0.000000                                  -0.056313            1       58
6                   10.308648                         0.425142                                0.872583                            0.046008                           -0.142513  ...                 0.014895                                           0.000000                                  -0.003483            1       59

7                   66.879429                         0.955485                                1.968200                            0.111003                            0.014641  ...                 0.027316                                           0.000000                                  -0.003279            1       61
8                   23.008839                         0.470524                                1.004563                            0.090631                           -0.051819  ...                 0.028205                                           0.005882                                  -0.012950            1       62
9                    7.472675                         0.309635                                0.654082                            0.050249                           -0.077393  ...                 0.012963                                           0.000000                                  -0.002024            1       63
10                  30.286786                         0.601945                                1.290367                            0.105688                           -0.038579  ...                 0.034866                                           0.002347                                  -0.007458            1       60

11                  11.525738                         0.377025                                0.791604                            0.029367                           -0.110690  ...                 0.016951                                           0.000000                                  -0.035437            0       26
12                   2.617125                         0.206854                                0.421038                            0.034146                           -0.075978  ...                 0.002753                                           0.000000                                  -0.004523            0       27
13                   3.826141                         0.212394                                0.433082                            0.125446                            0.010051  ...                 0.000624                                           0.000000                                  -0.043748            0       29
14                   9.204284                         0.350690                                0.715862                            0.046859                           -0.115631  ...                 0.031714                                           0.000000                                   0.001893            0       28

15                3622.052186                        27.337025                               49.659752                            0.039915                           -0.153140  ...                50.112126                                           1.000000                                   0.054681            0       56
16                   2.557271                         0.200386                                0.394468                            0.030827                           -0.138306  ...                 0.015400                                           0.000000                                  -0.039041            0       57
17                   9.332082                         0.451583                                0.933426                            0.112240                           -0.102871  ...                 0.004440                                           0.000000                                  -0.003459            0       58
18                 660.879133                         1.422450                                2.779601                            0.065745                           -0.101487  ...                 6.586881                                           0.010526                                  -0.006530            0       59

19                   6.163859                         0.243781                                0.467397                            0.013686                           -0.115112  ...                 0.045159                                           0.000000                                  -0.130729            0       61
20                   1.989843                         0.199309                                0.400157                            0.039643                           -0.154544  ...                 0.004057                                           0.000000                                  -0.059143            0       62
21                   1.349077                         0.146684                                0.285297                            0.073672                           -0.075383  ...                 0.008986                                           0.000000                                   0.000826            0       63
22                   8.731497                         0.413029                                0.860044                            0.056703                           -0.104817  ...                 0.040680                                           0.000000                                  -0.022419            0       60